0,0294171124696732	0,172517120838165	9,4622
0,0643195118755102	0,0428796373307705	9,46312
0,0742916259914637	-0,091743903234601	9,46404
0,0643195118755102	-0,191465044394135	9,46496
0,00448682717978954	-0,256283786147833	9,46588
-0,0254295151680708	-0,26126984320581	9,4668
-0,0802761428058147	-0,201437158510089	9,46772
-0,0703040286898613	-0,0817717891186476	9,46864
-0,0453737433999777	0,0628238655626774	9,46956
-0,0104713439941406	0,187475292012095	9,47048
0,0443752836436033	0,247307976707816	9,4714
0,0593334548175335	0,227363748475909	9,47232
0,0643195118755102	0,152572892606258	9,47324
0,0244310554116964	0,0378935802727938	9,47416
-0,0154574010521173	-0,0967299602925777	9,47508
-0,0653179716318846	-0,201437158510089	9,476
-0,0852621998637915	-0,256283786147833	9,47692
-0,0503598004579544	-0,246311672031879	9,47784
-0,0154574010521173	-0,166534759104252	9,47876
0,0443752836436033	-0,0319112185388803	9,47968
0,0643195118755102	0,107698379084468	9,4806
0,0792776830494404	0,207419520244002	9,48152
0,04936134070158	0,237335862591863	9,48244
0,00448682717978954	0,217391634359956	9,48336
-0,0354016292840242	0,137614721432328	9,48428
-0,075290085747838	0,0279214661568403	9,4852
-0,0553458575159311	-0,116674188524485	9,48612
-0,0304155722260475	-0,221381386741996	9,48704
0,0194449983537197	-0,26126984320581	9,48796
0,0593334548175335	-0,226367443799973	9,48888
0,0792776830494404	-0,121660245582461	9,4898
0,0643195118755102	0,0129632949829102	9,49072
0,014458941295743	0,142600778490305	9,49164
-0,0204434581100941	0,227363748475909	9,49256
-0,0653179716318846	0,252294033765793	9,49348
-0,0703040286898613	0,237335862591863	9,4944
-0,0503598004579544	0,137614721432328	9,49532
-0,0154574010521173	-0,00698093324899673	9,49624
0,0393892265856266	-0,146590530872345	9,49716
0,0643195118755102	-0,236339557915926	9,49808
0,0643195118755102	-0,246311672031879	9,499
0,0294171124696732	-0,196451101452112	9,49992
-0,0104713439941406	-0,091743903234601	9,50084
-0,0603319145739079	0,032907523214817	9,50176
-0,0852621998637915	0,157558949664235	9,50268
-0,0653179716318846	0,242321919649839	9,5036
-0,0254295151680708	0,262266147881746	9,50452
0,0244310554116964	0,217391634359956	9,50544
0,0593334548175335	0,102712322026491	9,50636
0,0742916259914637	-0,0368972755968571	9,50728
0,0443752836436033	-0,156562644988298	9,5082
0,00947288423776627	-0,221381386741996	9,50912
-0,0304155722260475	-0,226367443799973	9,51004
-0,0703040286898613	-0,171520816162229	9,51096
-0,0603319145739079	-0,0767857320606709	9,51188
-0,0354016292840242	0,0678099226206541	9,5128
0,00947288423776627	0,197447406128049	9,51372
0,04936134070158	0,2722382619977	9,51464
0,0742916259914637	0,267252204939723	9,51556
0,0643195118755102	0,197447406128049	9,51648
0,0194449983537197	0,0777820367366076	9,5174
-0,0204434581100941	-0,056841503828764	9,51832
-0,0603319145739079	-0,176506873220205	9,51924
-0,0603319145739079	-0,236339557915926	9,52016
-0,040387686342001	-0,236339557915926	9,52108
-0,00049922987818718	-0,176506873220205	9,522
0,04936134070158	-0,056841503828764	9,52292
0,0792776830494404	0,0927402079105377	9,52384
0,0792776830494404	0,207419520244002	9,52476
0,0443752836436033	0,252294033765793	9,52568
-0,00049922987818718	0,232349805533886	9,5266
-0,0354016292840242	0,152572892606258	9,52752
-0,0603319145739079	0,0428796373307705	9,52844
-0,0553458575159311	-0,0867578461766243	9,52936
-0,0154574010521173	-0,201437158510089	9,53028
0,0244310554116964	-0,256283786147833	9,5312
0,0643195118755102	-0,231353500857949	9,53212
0,0792776830494404	-0,146590530872345	9,53304
0,0593334548175335	-0,0169530473649502	9,53396
0,0244310554116964	0,122656550258398	9,53488
-0,0154574010521173	0,217391634359956	9,5358
-0,0603319145739079	0,252294033765793	9,53672
-0,0603319145739079	0,227363748475909	9,53764
-0,0354016292840242	0,152572892606258	9,53856
0,00947288423776627	0,0229354090988636	9,53948
0,0443752836436033	-0,121660245582461	9,5404
0,0792776830494404	-0,231353500857949	9,54132
0,0643195118755102	-0,266255900263786	9,54224
0,0294171124696732	-0,221381386741996	9,54316
-0,0054852869361639	-0,121660245582461	9,54408
-0,0453737433999777	0,00797723792493343	9,545
-0,0603319145739079	0,132628664374352	9,54592
-0,0503598004579544	0,222377691417933	9,54684
-0,0154574010521173	0,25728009082377	9,54776
0,0294171124696732	0,227363748475909	9,54868
0,0643195118755102	0,132628664374352	9,5496
0,0742916259914637	-0,00199487619102001	9,55052
0,04936134070158	-0,146590530872345	9,55144
0,00947288423776627	-0,231353500857949	9,55236
-0,0304155722260475	-0,236339557915926	9,55328
-0,0653179716318846	-0,191465044394135	9,5542
-0,0653179716318846	-0,106702074408531	9,55512
-0,0354016292840242	0,0229354090988636	9,55604
-0,00049922987818718	0,157558949664235	9,55696
0,0344031695276499	0,247307976707816	9,55788
0,0593334548175335	0,262266147881746	9,5588
0,0543473977595568	0,212405577301979	9,55972
0,0244310554116964	0,0977262649685144	9,56064
-0,0104713439941406	-0,0368972755968571	9,56156
-0,0503598004579544	-0,156562644988298	9,56248
-0,0653179716318846	-0,231353500857949	9,5634
-0,0453737433999777	-0,236339557915926	9,56432
-0,0154574010521173	-0,181492930278182	9,56524
0,0244310554116964	-0,0767857320606709	9,56616
0,0643195118755102	0,0578378085047007	9,56708
0,0593334548175335	0,187475292012095	9,568
0,0443752836436033	0,262266147881746	9,56892
0,00448682717978954	0,252294033765793	9,56984
-0,0254295151680708	0,182489234954119	9,57076
-0,0553458575159311	0,0678099226206541	9,57168
-0,0453737433999777	-0,0618275608867407	9,5726
-0,0204434581100941	-0,181492930278182	9,57352
0,00448682717978954	-0,256283786147833	9,57444
0,04936134070158	-0,26126984320581	9,57536
0,0693055689334869	-0,191465044394135	9,57628
0,0593334548175335	-0,0717996750026941	9,5772
0,0244310554116964	0,0727959796786308	9,57812
-0,0154574010521173	0,187475292012095	9,57904
-0,0453737433999777	0,237335862591863	9,57996
-0,0653179716318846	0,222377691417933	9,58088
-0,0304155722260475	0,152572892606258	9,5818
-0,0054852869361639	0,0428796373307705	9,58272
0,0294171124696732	-0,091743903234601	9,58364
0,0593334548175335	-0,216395329684019	9,58456
0,0593334548175335	-0,281214071437716	9,58548
0,0393892265856266	-0,26126984320581	9,5864
0,00448682717978954	-0,171520816162229	9,58732
-0,0304155722260475	-0,0418833326548338	9,58824
-0,0653179716318846	0,087754150852561	9,58916
-0,0503598004579544	0,192461349070072	9,59008
-0,0204434581100941	0,237335862591863	9,591
0,00947288423776627	0,212405577301979	9,59192
0,0593334548175335	0,132628664374352	9,59284
0,0543473977595568	0,00299118086695671	9,59376
0,0543473977595568	-0,136618416756392	9,59468
0,014458941295743	-0,246311672031879	9,5956
-0,0204434581100941	-0,286200128495693	9,59652
-0,0553458575159311	-0,246311672031879	9,59744
-0,0603319145739079	-0,151576587930322	9,59836
-0,040387686342001	-0,0418833326548338	9,59928
-0,0204434581100941	0,0827680937945843	9,6002
0,0294171124696732	0,187475292012095	9,60112
0,04936134070158	0,232349805533886	9,60204
0,0543473977595568	0,202433463186026	9,60296
0,0294171124696732	0,102712322026491	9,60388
-0,0054852869361639	-0,0319112185388803	9,6048
-0,0304155722260475	-0,161548702046275	9,60572
-0,0703040286898613	-0,256283786147833	9,60664
-0,0453737433999777	-0,27622801437974	9,60756
-0,0304155722260475	-0,226367443799973	9,60848
0,00947288423776627	-0,136618416756392	9,6094
0,0443752836436033	-0,0119669903069735	9,61032
0,0593334548175335	0,117670493200421	9,61124
0,0643195118755102	0,222377691417933	9,61216
0,0194449983537197	0,242321919649839	9,61308
-0,0054852869361639	0,187475292012095	9,614
-0,0453737433999777	0,0777820367366076	9,61492
-0,0503598004579544	-0,056841503828764	9,61584
-0,0354016292840242	-0,171520816162229	9,61676
-0,0104713439941406	-0,251297729089856	9,61768
0,0393892265856266	-0,266255900263786	9,6186
0,0543473977595568	-0,216395329684019	9,61952
0,0643195118755102	-0,111688131466508	9,62044
0,0344031695276499	0,0279214661568403	9,62136
0,00947288423776627	0,157558949664235	9,62228
-0,0304155722260475	0,247307976707816	9,6232
-0,0603319145739079	0,252294033765793	9,62412
-0,0453737433999777	0,192461349070072	9,62504
-0,0254295151680708	0,087754150852561	9,62596
0,0194449983537197	-0,0418833326548338	9,62688
0,0443752836436033	-0,161548702046275	9,6278
0,0643195118755102	-0,241325614973903	9,62872
0,0543473977595568	-0,251297729089856	9,62964
0,014458941295743	-0,181492930278182	9,63056
-0,0104713439941406	-0,056841503828764	9,63148
-0,0653179716318846	0,0827680937945843	9,6324
-0,0503598004579544	0,192461349070072	9,63332
-0,0453737433999777	0,247307976707816	9,63424
-0,0104713439941406	0,252294033765793	9,63516
0,0294171124696732	0,182489234954119	9,63608
0,04936134070158	0,0727959796786308	9,637
0,0643195118755102	-0,0618275608867407	9,63792
0,0393892265856266	-0,186478987336159	9,63884
0,014458941295743	-0,251297729089856	9,63976
-0,0304155722260475	-0,236339557915926	9,64068
-0,0453737433999777	-0,151576587930322	9,6416
-0,0354016292840242	-0,0319112185388803	9,64252
-0,0154574010521173	0,0977262649685144	9,64344
0,0294171124696732	0,202433463186026	9,64436
0,0543473977595568	0,262266147881746	9,64528
0,0792776830494404	0,25728009082377	9,6462
0,04936134070158	0,182489234954119	9,64712
0,0294171124696732	0,0528517514467239	9,64804
-0,00049922987818718	-0,0867578461766243	9,64896
-0,0453737433999777	-0,191465044394135	9,64988
-0,0503598004579544	-0,241325614973903	9,6508
-0,0453737433999777	-0,216395329684019	9,65172
-0,00049922987818718	-0,136618416756392	9,65264
0,0294171124696732	-0,0169530473649502	9,65356
0,0593334548175335	0,112684436142445	9,65448
0,0593334548175335	0,222377691417933	9,6554
0,0294171124696732	0,282210376113653	9,65632
0,00947288423776627	0,25728009082377	9,65724
-0,040387686342001	0,157558949664235	9,65816
-0,0553458575159311	0,0229354090988636	9,65908
-0,0553458575159311	-0,101716017350554	9,66
-0,0254295151680708	-0,196451101452112	9,66092
0,00448682717978954	-0,236339557915926	9,66184
0,0393892265856266	-0,211409272626042	9,66276
0,0643195118755102	-0,126646302640438	9,66368
0,0393892265856266	0,00797723792493343	9,6646
0,0194449983537197	0,142600778490305	9,66552
-0,0204434581100941	0,237335862591863	9,66644
-0,0453737433999777	0,267252204939723	9,66736
-0,0603319145739079	0,227363748475909	9,66828
-0,0453737433999777	0,117670493200421	9,6692
-0,0054852869361639	-0,00199487619102001	9,67012
0,0194449983537197	-0,126646302640438	9,67104
0,0643195118755102	-0,221381386741996	9,67196
0,0543473977595568	-0,266255900263786	9,67288
0,0393892265856266	-0,226367443799973	9,6738
0,00947288423776627	-0,121660245582461	9,67472
-0,0304155722260475	0,0179493520408869	9,67564
-0,0503598004579544	0,152572892606258	9,67656
-0,0553458575159311	0,227363748475909	9,67748
-0,0154574010521173	0,247307976707816	9,6784
0,00947288423776627	0,202433463186026	9,67932
0,0443752836436033	0,0977262649685144	9,68024
0,0593334548175335	-0,0269251614809036	9,68116
0,04936134070158	-0,156562644988298	9,68208
0,0294171124696732	-0,246311672031879	9,683
-0,0054852869361639	-0,266255900263786	9,68392
-0,0304155722260475	-0,206423215568066	9,68484
-0,0553458575159311	-0,0867578461766243	9,68576
-0,040387686342001	0,0428796373307705	9,68668
-0,0154574010521173	0,157558949664235	9,6876
0,0244310554116964	0,232349805533886	9,68852
0,0693055689334869	0,252294033765793	9,68944
0,0543473977595568	0,207419520244002	9,69036
0,0443752836436033	0,0927402079105377	9,69128
0,0194449983537197	-0,0518554467707872	9,6922
-0,0104713439941406	-0,176506873220205	9,69312
-0,0503598004579544	-0,251297729089856	9,69404
-0,0453737433999777	-0,256283786147833	9,69496
-0,0254295151680708	-0,186478987336159	9,69588
-0,0054852869361639	-0,0767857320606709	9,6968
0,0393892265856266	0,0628238655626774	9,69772
0,04936134070158	0,172517120838165	9,69864
0,0543473977595568	0,252294033765793	9,69956
0,0344031695276499	0,267252204939723	9,70048
-0,00049922987818718	0,192461349070072	9,7014
-0,0304155722260475	0,0628238655626774	9,70232
-0,0553458575159311	-0,0767857320606709	9,70324
-0,040387686342001	-0,181492930278182	9,70416
-0,0154574010521173	-0,241325614973903	9,70508
0,00947288423776627	-0,236339557915926	9,706
0,0393892265856266	-0,176506873220205	9,70692
0,04936134070158	-0,0618275608867407	9,70784
0,0393892265856266	0,0727959796786308	9,70876
0,00947288423776627	0,197447406128049	9,70968
-0,0154574010521173	0,252294033765793	9,7106
-0,0503598004579544	0,247307976707816	9,71152
-0,0453737433999777	0,162545006722212	9,71244
-0,0304155722260475	0,0378935802727938	9,71336
-0,0054852869361639	-0,091743903234601	9,71428
0,0344031695276499	-0,191465044394135	9,7152
0,0593334548175335	-0,251297729089856	9,71612
0,0543473977595568	-0,251297729089856	9,71704
0,0393892265856266	-0,176506873220205	9,71796
0,00947288423776627	-0,0418833326548338	9,71888
-0,0254295151680708	0,102712322026491	9,7198
-0,0503598004579544	0,207419520244002	9,72072
-0,040387686342001	0,25728009082377	9,72164
-0,0154574010521173	0,237335862591863	9,72256
0,014458941295743	0,152572892606258	9,72348
0,0393892265856266	0,0279214661568403	9,7244
0,0543473977595568	-0,106702074408531	9,72532
0,0393892265856266	-0,211409272626042	9,72624
0,0194449983537197	-0,271241957321763	9,72716
-0,0104713439941406	-0,251297729089856	9,72808
-0,040387686342001	-0,151576587930322	9,729
-0,040387686342001	-0,0119669903069735	9,72992
-0,0304155722260475	0,122656550258398	9,73084
-0,0154574010521173	0,207419520244002	9,73176
0,014458941295743	0,247307976707816	9,73268
0,0393892265856266	0,227363748475909	9,7336
0,0393892265856266	0,147586835548282	9,73452
0,0244310554116964	0,0129632949829102	9,73544
0,00448682717978954	-0,126646302640438	9,73636
-0,0304155722260475	-0,231353500857949	9,73728
-0,0503598004579544	-0,26126984320581	9,7382
-0,0503598004579544	-0,226367443799973	9,73912
-0,0254295151680708	-0,126646302640438	9,74004
-0,0054852869361639	0,00797723792493343	9,74096
0,0194449983537197	0,137614721432328	9,74188
0,0443752836436033	0,222377691417933	9,7428
0,0344031695276499	0,267252204939723	9,74372
0,0244310554116964	0,237335862591863	9,74464
-0,00049922987818718	0,132628664374352	9,74556
-0,0304155722260475	-0,0169530473649502	9,74648
-0,0503598004579544	-0,146590530872345	9,7474
-0,0453737433999777	-0,231353500857949	9,74832
-0,0254295151680708	-0,251297729089856	9,74924
-0,00049922987818718	-0,206423215568066	9,75016
0,0344031695276499	-0,111688131466508	9,75108
0,04936134070158	0,00797723792493343	9,752
0,0443752836436033	0,142600778490305	9,75292
0,0244310554116964	0,227363748475909	9,75384
-0,0054852869361639	0,252294033765793	9,75476
-0,0354016292840242	0,202433463186026	9,75568
-0,040387686342001	0,0927402079105377	9,7566
-0,0354016292840242	-0,0468693897128105	9,75752
-0,0154574010521173	-0,166534759104252	9,75844
0,0194449983537197	-0,241325614973903	9,75936
0,0393892265856266	-0,266255900263786	9,76028
0,04936134070158	-0,226367443799973	9,7612
0,0344031695276499	-0,121660245582461	9,76212
0,0194449983537197	0,0229354090988636	9,76304
-0,0154574010521173	0,152572892606258	9,76396
-0,040387686342001	0,232349805533886	9,76488
-0,040387686342001	0,242321919649839	9,7658
-0,0204434581100941	0,187475292012095	9,76672
0,00448682717978954	0,0777820367366076	9,76764
0,0294171124696732	-0,0618275608867407	9,76856
0,04936134070158	-0,181492930278182	9,76948
0,04936134070158	-0,251297729089856	9,7704
0,0344031695276499	-0,27622801437974	9,77132
0,0194449983537197	-0,216395329684019	9,77224
-0,0304155722260475	-0,091743903234601	9,77316
-0,0354016292840242	0,0528517514467239	9,77408
-0,0354016292840242	0,167531063780189	9,775
-0,0154574010521173	0,232349805533886	9,77592
0,00947288423776627	0,232349805533886	9,77684
0,0443752836436033	0,177503177896142	9,77776
0,0643195118755102	0,0628238655626774	9,77868
0,04936134070158	-0,0767857320606709	9,7796
0,0344031695276499	-0,196451101452112	9,78052
-0,00049922987818718	-0,266255900263786	9,78144
-0,0254295151680708	-0,266255900263786	9,78236
-0,040387686342001	-0,196451101452112	9,78328
-0,0354016292840242	-0,0717996750026941	9,7842
-0,00049922987818718	0,0628238655626774	9,78512
0,00947288423776627	0,172517120838165	9,78604
0,04936134070158	0,232349805533886	9,78696
0,0443752836436033	0,242321919649839	9,78788
0,0344031695276499	0,177503177896142	9,7888
0,0194449983537197	0,0478656943887472	9,78972
-0,0154574010521173	-0,091743903234601	9,79064
-0,0354016292840242	-0,211409272626042	9,79156
-0,040387686342001	-0,26126984320581	9,79248
-0,0254295151680708	-0,246311672031879	9,7934
-0,0104713439941406	-0,171520816162229	9,79432
0,0294171124696732	-0,0518554467707872	9,79524
0,0443752836436033	0,0827680937945843	9,79616
0,0393892265856266	0,202433463186026	9,79708
0,0294171124696732	0,262266147881746	9,798
-0,0104713439941406	0,252294033765793	9,79892
-0,0304155722260475	0,167531063780189	9,79984
-0,0503598004579544	0,032907523214817	9,80076
-0,0354016292840242	-0,106702074408531	9,80168
-0,0204434581100941	-0,206423215568066	9,8026
0,00947288423776627	-0,251297729089856	9,80352
0,0543473977595568	-0,241325614973903	9,80444
0,04936134070158	-0,171520816162229	9,80536
0,04936134070158	-0,0418833326548338	9,80628
0,0294171124696732	0,102712322026491	9,8072
0,00947288423776627	0,222377691417933	9,80812
-0,0304155722260475	0,267252204939723	9,80904
-0,040387686342001	0,237335862591863	9,80996
-0,0154574010521173	0,147586835548282	9,81088
-0,0104713439941406	0,0179493520408869	9,8118
0,0244310554116964	-0,111688131466508	9,81272
0,0393892265856266	-0,216395329684019	9,81364
0,0543473977595568	-0,266255900263786	9,81456
0,0393892265856266	-0,241325614973903	9,81548
0,014458941295743	-0,151576587930322	9,8164
-0,0154574010521173	-0,0119669903069735	9,81732
-0,0453737433999777	0,127642607316375	9,81824
-0,0354016292840242	0,222377691417933	9,81916
-0,0304155722260475	0,252294033765793	9,82008
-0,0054852869361639	0,212405577301979	9,821
0,0194449983537197	0,137614721432328	9,82192
0,0344031695276499	0,00797723792493343	9,82284
0,0393892265856266	-0,126646302640438	9,82376
0,00947288423776627	-0,226367443799973	9,82468
0,00448682717978954	-0,271241957321763	9,8256
-0,0354016292840242	-0,231353500857949	9,82652
-0,0503598004579544	-0,126646302640438	9,82744
-0,0453737433999777	0,00797723792493343	9,82836
-0,0304155722260475	0,137614721432328	9,82928
0,00448682717978954	0,227363748475909	9,8302
0,014458941295743	0,25728009082377	9,83112
0,0443752836436033	0,232349805533886	9,83204
0,0294171124696732	0,137614721432328	9,83296
0,0194449983537197	-0,00199487619102001	9,83388
-0,00049922987818718	-0,146590530872345	9,8348
-0,0354016292840242	-0,236339557915926	9,83572
-0,0354016292840242	-0,256283786147833	9,83664
-0,0354016292840242	-0,211409272626042	9,83756
-0,0104713439941406	-0,111688131466508	9,83848
-0,00049922987818718	0,0229354090988636	9,8394
0,0393892265856266	0,147586835548282	9,84032
0,0443752836436033	0,242321919649839	9,84124
0,0294171124696732	0,267252204939723	9,84216
0,0194449983537197	0,227363748475909	9,84308
-0,00049922987818718	0,107698379084468	9,844
-0,0104713439941406	-0,0368972755968571	9,84492
-0,0304155722260475	-0,166534759104252	9,84584
-0,0204434581100941	-0,241325614973903	9,84676
0,00448682717978954	-0,256283786147833	9,84768
0,0294171124696732	-0,216395329684019	9,8486
0,04936134070158	-0,116674188524485	9,84952
0,0393892265856266	0,0279214661568403	9,85044
0,0443752836436033	0,162545006722212	9,85136
0,0294171124696732	0,25728009082377	9,85228
-0,00049922987818718	0,267252204939723	9,8532
-0,0204434581100941	0,207419520244002	9,85412
-0,0254295151680708	0,0977262649685144	9,85504
-0,0154574010521173	-0,0418833326548338	9,85596
-0,0154574010521173	-0,166534759104252	9,85688
0,0244310554116964	-0,241325614973903	9,8578
0,0344031695276499	-0,256283786147833	9,85872
0,0393892265856266	-0,206423215568066	9,85964
0,0244310554116964	-0,091743903234601	9,86056
0,00947288423776627	0,0578378085047007	9,86148
-0,0054852869361639	0,187475292012095	9,8624
-0,0354016292840242	0,252294033765793	9,86332
-0,0254295151680708	0,252294033765793	9,86424
-0,0254295151680708	0,197447406128049	9,86516
-0,0054852869361639	0,087754150852561	9,86608
0,0194449983537197	-0,0468693897128105	9,867
0,0294171124696732	-0,176506873220205	9,86792
0,0393892265856266	-0,251297729089856	9,86884
0,0194449983537197	-0,26126984320581	9,86976
0,00947288423776627	-0,191465044394135	9,87068
-0,0304155722260475	-0,0668136179447174	9,8716
-0,0354016292840242	0,0727959796786308	9,87252
-0,0304155722260475	0,192461349070072	9,87344
-0,0304155722260475	0,252294033765793	9,87436
-0,0054852869361639	0,252294033765793	9,87528
0,00947288423776627	0,202433463186026	9,8762
0,0344031695276499	0,087754150852561	9,87712
0,0294171124696732	-0,0618275608867407	9,87804
0,0294171124696732	-0,196451101452112	9,87896
0,00448682717978954	-0,26126984320581	9,87988
-0,0304155722260475	-0,246311672031879	9,8808
-0,0254295151680708	-0,181492930278182	9,88172
-0,0304155722260475	-0,0668136179447174	9,88264
-0,0104713439941406	0,0678099226206541	9,88356
0,00947288423776627	0,187475292012095	9,88448
0,0344031695276499	0,25728009082377	9,8854
0,0393892265856266	0,25728009082377	9,88632
0,0344031695276499	0,187475292012095	9,88724
0,0344031695276499	0,0628238655626774	9,88816
-0,00049922987818718	-0,0867578461766243	9,88908
-0,0204434581100941	-0,201437158510089	9,89
-0,0354016292840242	-0,251297729089856	9,89092
-0,0304155722260475	-0,236339557915926	9,89184
-0,0204434581100941	-0,176506873220205	9,89276
0,00947288423776627	-0,0618275608867407	9,89368
0,0294171124696732	0,0827680937945843	9,8946
0,0294171124696732	0,207419520244002	9,89552
0,0344031695276499	0,267252204939723	9,89644
0,0194449983537197	0,247307976707816	9,89736
-0,0104713439941406	0,162545006722212	9,89828
-0,0304155722260475	0,032907523214817	9,8992
-0,0354016292840242	-0,101716017350554	9,90012
-0,0354016292840242	-0,211409272626042	9,90104
-0,0254295151680708	-0,266255900263786	9,90196
0,014458941295743	-0,251297729089856	9,90288
0,0294171124696732	-0,181492930278182	9,9038
0,0344031695276499	-0,0518554467707872	9,90472
0,0294171124696732	0,0977262649685144	9,90564
0,014458941295743	0,207419520244002	9,90656
-0,0154574010521173	0,247307976707816	9,90748
-0,0354016292840242	0,227363748475909	9,9084
-0,0254295151680708	0,147586835548282	9,90932
-0,0254295151680708	0,032907523214817	9,91024
-0,0054852869361639	-0,106702074408531	9,91116
0,0244310554116964	-0,221381386741996	9,91208
0,0393892265856266	-0,27622801437974	9,913
0,04936134070158	-0,256283786147833	9,91392
0,0393892265856266	-0,171520816162229	9,91484
0,0194449983537197	-0,0319112185388803	9,91576
-0,0204434581100941	0,102712322026491	9,91668
-0,0304155722260475	0,202433463186026	9,9176
-0,0304155722260475	0,247307976707816	9,91852
-0,0204434581100941	0,222377691417933	9,91944
-0,00049922987818718	0,147586835548282	9,92036
0,0194449983537197	0,0179493520408869	9,92128
0,0393892265856266	-0,131632359698415	9,9222
0,0344031695276499	-0,246311672031879	9,92312
0,0294171124696732	-0,281214071437716	9,92404
0,00448682717978954	-0,246311672031879	9,92496
-0,0154574010521173	-0,146590530872345	9,92588
-0,0354016292840242	-0,0169530473649502	9,9268
-0,0354016292840242	0,107698379084468	9,92772
-0,0204434581100941	0,212405577301979	9,92864
0,00448682717978954	0,25728009082377	9,92956
0,0294171124696732	0,232349805533886	9,93048
0,0393892265856266	0,137614721432328	9,9314
0,0443752836436033	-0,00698093324899673	9,93232
0,0344031695276499	-0,151576587930322	9,93324
0,00947288423776627	-0,241325614973903	9,93416
-0,0204434581100941	-0,266255900263786	9,93508
-0,0304155722260475	-0,231353500857949	9,936
-0,0254295151680708	-0,151576587930322	9,93692
-0,0254295151680708	-0,0269251614809036	9,93784
0,00947288423776627	0,112684436142445	9,93876
0,0294171124696732	0,222377691417933	9,93968
0,0393892265856266	0,25728009082377	9,9406
0,0393892265856266	0,217391634359956	9,94152
0,0294171124696732	0,112684436142445	9,94244
0,00448682717978954	-0,0219391044229269	9,94336
-0,0254295151680708	-0,151576587930322	9,94428
-0,0204434581100941	-0,241325614973903	9,9452
-0,0254295151680708	-0,271241957321763	9,94612
-0,0154574010521173	-0,236339557915926	9,94704
0,00448682717978954	-0,141604473814368	9,94796
0,0294171124696732	-0,00199487619102001	9,94888
0,0344031695276499	0,142600778490305	9,9498
0,0294171124696732	0,242321919649839	9,95072
0,0294171124696732	0,25728009082377	9,95164
-0,0104713439941406	0,212405577301979	9,95256
-0,0254295151680708	0,112684436142445	9,95348
-0,0304155722260475	-0,0169530473649502	9,9544
-0,0254295151680708	-0,146590530872345	9,95532
-0,0204434581100941	-0,246311672031879	9,95624
0,00448682717978954	-0,281214071437716	9,95716
0,0294171124696732	-0,226367443799973	9,95808
0,0294171124696732	-0,121660245582461	9,959
0,0393892265856266	0,0179493520408869	9,95992
0,0194449983537197	0,147586835548282	9,96084
-0,00049922987818718	0,227363748475909	9,96176
-0,0254295151680708	0,242321919649839	9,96268
-0,0354016292840242	0,202433463186026	9,9636
-0,0354016292840242	0,107698379084468	9,96452
-0,0304155722260475	-0,0269251614809036	9,96544
0,00947288423776627	-0,171520816162229	9,96636
0,014458941295743	-0,266255900263786	9,96728
0,0294171124696732	-0,281214071437716	9,9682
0,0393892265856266	-0,221381386741996	9,96912
0,0294171124696732	-0,111688131466508	9,97004
0,00448682717978954	0,0229354090988636	9,97096
-0,0204434581100941	0,147586835548282	9,97188
-0,0204434581100941	0,237335862591863	9,9728
-0,0354016292840242	0,25728009082377	9,97372
-0,0204434581100941	0,207419520244002	9,97464
0,00448682717978954	0,0977262649685144	9,97556
0,0244310554116964	-0,0468693897128105	9,97648
0,0393892265856266	-0,176506873220205	9,9774
0,0244310554116964	-0,256283786147833	9,97832
0,0244310554116964	-0,26126984320581	9,97924
-0,0154574010521173	-0,201437158510089	9,98016
-0,0254295151680708	-0,101716017350554	9,98108
-0,0304155722260475	0,032907523214817	9,982
-0,040387686342001	0,162545006722212	9,98292
-0,0154574010521173	0,252294033765793	9,98384
0,00448682717978954	0,262266147881746	9,98476
0,0344031695276499	0,197447406128049	9,98568
0,0344031695276499	0,0827680937945843	9,9866
0,0443752836436033	-0,0618275608867407	9,98752
0,0194449983537197	-0,181492930278182	9,98844
-0,0154574010521173	-0,256283786147833	9,98936
-0,0204434581100941	-0,271241957321763	9,99028
-0,040387686342001	-0,216395329684019	9,9912
-0,0354016292840242	-0,111688131466508	9,99212
-0,0204434581100941	0,0428796373307705	9,99304
0,00947288423776627	0,177503177896142	9,99396
0,0344031695276499	0,252294033765793	9,99488
0,0443752836436033	0,247307976707816	9,9958
0,0543473977595568	0,187475292012095	9,99672
0,014458941295743	0,0777820367366076	9,99764
-0,0054852869361639	-0,0518554467707872	9,99856
-0,0354016292840242	-0,176506873220205	9,99948
-0,040387686342001	-0,256283786147833	10,0004
-0,0453737433999777	-0,271241957321763	10,00132
-0,0154574010521173	-0,201437158510089	10,00224
0,0244310554116964	-0,0767857320606709	10,00316
0,0294171124696732	0,0727959796786308	10,00408
0,0543473977595568	0,192461349070072	10,005
0,0443752836436033	0,262266147881746	10,00592
0,0244310554116964	0,262266147881746	10,00684
-0,0104713439941406	0,202433463186026	10,00776
-0,0254295151680708	0,0927402079105377	10,00868
-0,0254295151680708	-0,0468693897128105	10,0096
-0,0354016292840242	-0,181492930278182	10,01052
0,00448682717978954	-0,256283786147833	10,01144
0,0294171124696732	-0,251297729089856	10,01236
0,0593334548175335	-0,176506873220205	10,01328
0,0643195118755102	-0,056841503828764	10,0142
0,0543473977595568	0,0827680937945843	10,01512
0,0294171124696732	0,202433463186026	10,01604
-0,0154574010521173	0,267252204939723	10,01696
-0,0254295151680708	0,267252204939723	10,01788
-0,0503598004579544	0,207419520244002	10,0188
-0,040387686342001	0,087754150852561	10,01972
-0,0154574010521173	-0,0618275608867407	10,02064
0,014458941295743	-0,186478987336159	10,02156
0,04936134070158	-0,246311672031879	10,02248
0,0344031695276499	-0,231353500857949	10,0234
0,0443752836436033	-0,166534759104252	10,02432
-0,00049922987818718	-0,0618275608867407	10,02524
-0,0254295151680708	0,0777820367366076	10,02616
-0,0453737433999777	0,207419520244002	10,02708
-0,0603319145739079	0,282210376113653	10,028
-0,040387686342001	0,277224319055676	10,02892
-0,0254295151680708	0,202433463186026	10,02984
0,014458941295743	0,0727959796786308	10,03076
0,0294171124696732	-0,0717996750026941	10,03168
0,04936134070158	-0,186478987336159	10,0326
0,04936134070158	-0,246311672031879	10,03352
0,00448682717978954	-0,246311672031879	10,03444
-0,0154574010521173	-0,181492930278182	10,03536
-0,040387686342001	-0,0618275608867407	10,03628
-0,040387686342001	0,087754150852561	10,0372
-0,0453737433999777	0,217391634359956	10,03812
-0,00049922987818718	0,2722382619977	10,03904
0,0244310554116964	0,252294033765793	10,03996
0,04936134070158	0,172517120838165	10,04088
0,0742916259914637	0,0528517514467239	10,0418
0,0543473977595568	-0,0817717891186476	10,04272
0,0344031695276499	-0,196451101452112	10,04364
-0,0104713439941406	-0,26126984320581	10,04456
-0,0304155722260475	-0,256283786147833	10,04548
-0,040387686342001	-0,181492930278182	10,0464
-0,0354016292840242	-0,056841503828764	10,04732
0,00947288423776627	0,0927402079105377	10,04824
0,0294171124696732	0,207419520244002	10,04916
0,0593334548175335	0,247307976707816	10,05008
0,0643195118755102	0,232349805533886	10,051
0,0593334548175335	0,162545006722212	10,05192
0,0244310554116964	0,0578378085047007	10,05284
-0,0104713439941406	-0,0967299602925777	10,05376
-0,0254295151680708	-0,221381386741996	10,05468
-0,0603319145739079	-0,281214071437716	10,0556
-0,040387686342001	-0,266255900263786	10,05652
-0,0104713439941406	-0,171520816162229	10,05744
0,0194449983537197	-0,0518554467707872	10,05836
0,0443752836436033	0,087754150852561	10,05928
0,0543473977595568	0,197447406128049	10,0602
0,0543473977595568	0,252294033765793	10,06112
-0,00049922987818718	0,242321919649839	10,06204
-0,0154574010521173	0,167531063780189	10,06296
-0,0453737433999777	0,0378935802727938	10,06388
-0,0653179716318846	-0,106702074408531	10,0648
-0,0553458575159311	-0,226367443799973	10,06572
-0,0304155722260475	-0,27622801437974	10,06664
0,0194449983537197	-0,241325614973903	10,06756
0,0294171124696732	-0,166534759104252	10,06848
0,0693055689334869	-0,0518554467707872	10,0694
0,04936134070158	0,087754150852561	10,07032
0,00448682717978954	0,202433463186026	10,07124
-0,0204434581100941	0,262266147881746	10,07216
-0,0453737433999777	0,242321919649839	10,07308
-0,0553458575159311	0,157558949664235	10,074
-0,0553458575159311	0,0229354090988636	10,07492
-0,0054852869361639	-0,121660245582461	10,07584
0,0194449983537197	-0,226367443799973	10,07676
0,0543473977595568	-0,27622801437974	10,07768
0,0742916259914637	-0,256283786147833	10,0786
0,0593334548175335	-0,181492930278182	10,07952
0,0294171124696732	-0,0518554467707872	10,08044
-0,0204434581100941	0,0977262649685144	10,08136
-0,0354016292840242	0,217391634359956	10,08228
-0,0603319145739079	0,25728009082377	10,0832
-0,0503598004579544	0,227363748475909	10,08412
-0,0054852869361639	0,142600778490305	10,08504
0,0294171124696732	0,0179493520408869	10,08596
0,0643195118755102	-0,111688131466508	10,08688
0,0742916259914637	-0,216395329684019	10,0878
0,0742916259914637	-0,266255900263786	10,08872
0,0244310554116964	-0,251297729089856	10,08964
-0,0204434581100941	-0,161548702046275	10,09056
-0,0503598004579544	-0,0269251614809036	10,09148
-0,0703040286898613	0,112684436142445	10,0924
-0,0603319145739079	0,217391634359956	10,09332
-0,0254295151680708	0,25728009082377	10,09424
0,0244310554116964	0,227363748475909	10,09516
0,0443752836436033	0,147586835548282	10,09608
0,0693055689334869	0,0279214661568403	10,097
0,0543473977595568	-0,111688131466508	10,09792
0,00947288423776627	-0,231353500857949	10,09884
-0,0254295151680708	-0,27622801437974	10,09976
-0,0603319145739079	-0,246311672031879	10,10068
-0,0802761428058147	-0,146590530872345	10,1016
-0,0703040286898613	-0,0169530473649502	10,10252
-0,0204434581100941	0,112684436142445	10,10344
0,0194449983537197	0,217391634359956	10,10436
0,04936134070158	0,262266147881746	10,10528
0,0792776830494404	0,242321919649839	10,1062
0,04936134070158	0,157558949664235	10,10712
0,014458941295743	0,0279214661568403	10,10804
-0,0304155722260475	-0,126646302640438	10,10896
-0,0603319145739079	-0,236339557915926	10,10988
-0,0802761428058147	-0,266255900263786	10,1108
-0,0653179716318846	-0,231353500857949	10,11172
-0,0104713439941406	-0,146590530872345	10,11264
0,0294171124696732	-0,0219391044229269	10,11356
0,0742916259914637	0,117670493200421	10,11448
0,0892497971653938	0,232349805533886	10,1154
0,0792776830494404	0,282210376113653	10,11632
0,0194449983537197	0,247307976707816	10,11724
-0,0204434581100941	0,147586835548282	10,11816
-0,0503598004579544	0,0129632949829102	10,11908
-0,0703040286898613	-0,116674188524485	10,12
-0,0553458575159311	-0,221381386741996	10,12092
-0,0104713439941406	-0,256283786147833	10,12184
0,0393892265856266	-0,226367443799973	10,12276
0,0693055689334869	-0,141604473814368	10,12368
0,0992219112813473	-0,0119669903069735	10,1246
0,0842637401074171	0,132628664374352	10,12552
0,0294171124696732	0,242321919649839	10,12644
-0,0204434581100941	0,277224319055676	10,12736
-0,0503598004579544	0,237335862591863	10,12828
-0,0703040286898613	0,142600778490305	10,1292
-0,0653179716318846	0,0179493520408869	10,13012
-0,0104713439941406	-0,116674188524485	10,13104
0,0344031695276499	-0,216395329684019	10,13196
0,0593334548175335	-0,256283786147833	10,13288
0,0892497971653938	-0,226367443799973	10,1338
0,0742916259914637	-0,131632359698415	10,13472
0,0294171124696732	0,00299118086695671	10,13564
-0,0204434581100941	0,147586835548282	10,13656
-0,0603319145739079	0,242321919649839	10,13748
-0,0902482569217682	0,2722382619977	10,1384
-0,075290085747838	0,237335862591863	10,13932
-0,0304155722260475	0,157558949664235	10,14024
0,014458941295743	0,0229354090988636	10,14116
0,0593334548175335	-0,116674188524485	10,14208
0,0842637401074171	-0,236339557915926	10,143
0,0742916259914637	-0,27622801437974	10,14392
0,0194449983537197	-0,236339557915926	10,14484
-0,0304155722260475	-0,131632359698415	10,14576
-0,0703040286898613	-0,00199487619102001	10,14668
-0,100220371037722	0,132628664374352	10,1476
-0,0902482569217682	0,227363748475909	10,14852
-0,0354016292840242	0,267252204939723	10,14944
0,0244310554116964	0,242321919649839	10,15036
0,0693055689334869	0,147586835548282	10,15128
0,104207968339324	0,0129632949829102	10,1522
0,0942358542233706	-0,126646302640438	10,15312
0,0443752836436033	-0,226367443799973	10,15404
-0,0154574010521173	-0,26126984320581	10,15496
-0,0503598004579544	-0,221381386741996	10,15588
-0,0802761428058147	-0,126646302640438	10,1568
-0,0852621998637915	-0,00199487619102001	10,15772
-0,0304155722260475	0,127642607316375	10,15864
0,0244310554116964	0,237335862591863	10,15956
0,0742916259914637	0,277224319055676	10,16048
0,114180082455277	0,237335862591863	10,1614
0,109194025397301	0,137614721432328	10,16232
0,04936134070158	-0,00199487619102001	10,16324
-0,0154574010521173	-0,141604473814368	10,16416
-0,0603319145739079	-0,236339557915926	10,16508
-0,0952343139797449	-0,266255900263786	10,166
-0,0902482569217682	-0,236339557915926	10,16692
-0,0453737433999777	-0,151576587930322	10,16784
0,014458941295743	-0,0219391044229269	10,16876
0,0742916259914637	0,122656550258398	10,16968
0,104207968339324	0,232349805533886	10,1706
0,109194025397301	0,25728009082377	10,17152
0,0443752836436033	0,217391634359956	10,17244
-0,0154574010521173	0,117670493200421	10,17336
-0,0703040286898613	-0,00698093324899673	10,17428
-0,105206428095698	-0,146590530872345	10,1752
-0,0952343139797449	-0,246311672031879	10,17612
-0,0453737433999777	-0,281214071437716	10,17704
0,0244310554116964	-0,251297729089856	10,17796
0,0792776830494404	-0,151576587930322	10,17888
0,119166139513254	-0,00698093324899673	10,1798
0,114180082455277	0,132628664374352	10,18072
0,0593334548175335	0,227363748475909	10,18164
-0,00049922987818718	0,252294033765793	10,18256
-0,0703040286898613	0,217391634359956	10,18348
-0,100220371037722	0,132628664374352	10,1844
-0,120164599269629	-0,00199487619102001	10,18532
-0,0603319145739079	-0,146590530872345	10,18624
0,00448682717978954	-0,251297729089856	10,18716
0,0643195118755102	-0,286200128495693	10,18808
0,109194025397301	-0,246311672031879	10,189
0,109194025397301	-0,146590530872345	10,18992
0,0643195118755102	-0,0119669903069735	10,19084
-0,0104713439941406	0,122656550258398	10,19176
-0,0603319145739079	0,217391634359956	10,19268
-0,110192485153675	0,247307976707816	10,1936
-0,120164599269629	0,222377691417933	10,19452
-0,0603319145739079	0,127642607316375	10,19544
-0,00049922987818718	-0,0119669903069735	10,19636
0,0693055689334869	-0,151576587930322	10,19728
0,104207968339324	-0,251297729089856	10,1982
0,124152196571231	-0,271241957321763	10,19912
0,0593334548175335	-0,236339557915926	10,20004
-0,0054852869361639	-0,141604473814368	10,20096
-0,0553458575159311	-0,0119669903069735	10,20188
-0,110192485153675	0,122656550258398	10,2028
-0,115178542211652	0,227363748475909	10,20372
-0,0802761428058147	0,267252204939723	10,20464
0,00448682717978954	0,232349805533886	10,20556
0,0643195118755102	0,132628664374352	10,20648
0,109194025397301	-0,00199487619102001	10,2074
0,139110367745161	-0,136618416756392	10,20832
0,0693055689334869	-0,226367443799973	10,20924
0,00448682717978954	-0,26126984320581	10,21016
-0,0603319145739079	-0,226367443799973	10,21108
-0,100220371037722	-0,136618416756392	10,212
-0,125150656327605	-0,00698093324899673	10,21292
-0,075290085747838	0,142600778490305	10,21384
-0,00049922987818718	0,242321919649839	10,21476
0,0543473977595568	0,267252204939723	10,21568
0,124152196571231	0,227363748475909	10,2166
0,134124310687184	0,127642607316375	10,21752
0,0942358542233706	0,00299118086695671	10,21844
0,014458941295743	-0,131632359698415	10,21936
-0,0503598004579544	-0,231353500857949	10,22028
-0,100220371037722	-0,271241957321763	10,2212
-0,140108827501535	-0,241325614973903	10,22212
-0,0852621998637915	-0,141604473814368	10,22304
-0,0204434581100941	-0,00199487619102001	10,22396
0,0543473977595568	0,132628664374352	10,22488
0,0992219112813473	0,222377691417933	10,2258
0,129138253629208	0,252294033765793	10,22672
0,104207968339324	0,212405577301979	10,22764
0,0194449983537197	0,137614721432328	10,22856
-0,040387686342001	0,00299118086695671	10,22948
-0,105206428095698	-0,141604473814368	10,2304
-0,135122770443559	-0,246311672031879	10,23132
-0,105206428095698	-0,281214071437716	10,23224
-0,0204434581100941	-0,231353500857949	10,23316
0,0593334548175335	-0,131632359698415	10,23408
0,0992219112813473	-0,00698093324899673	10,235
0,154068538919091	0,127642607316375	10,23592
0,119166139513254	0,222377691417933	10,23684
0,04936134070158	0,25728009082377	10,23776
-0,0354016292840242	0,227363748475909	10,23868
-0,0952343139797449	0,132628664374352	10,2396
-0,125150656327605	-0,00199487619102001	10,24052
-0,120164599269629	-0,136618416756392	10,24144
-0,0304155722260475	-0,236339557915926	10,24236
0,04936134070158	-0,26126984320581	10,24328
0,119166139513254	-0,221381386741996	10,2442
0,149082481861115	-0,136618416756392	10,24512
0,124152196571231	-0,0119669903069735	10,24604
0,0543473977595568	0,122656550258398	10,24696
-0,0503598004579544	0,232349805533886	10,24788
-0,0952343139797449	0,267252204939723	10,2488
-0,155066998675466	0,232349805533886	10,24972
-0,135122770443559	0,132628664374352	10,25064
-0,0553458575159311	0,00299118086695671	10,25156
0,0344031695276499	-0,131632359698415	10,25248
0,114180082455277	-0,226367443799973	10,2534
0,154068538919091	-0,26126984320581	10,25432
0,159054595977068	-0,231353500857949	10,25524
0,0643195118755102	-0,136618416756392	10,25616
-0,0254295151680708	-0,00199487619102001	10,25708
-0,0952343139797449	0,142600778490305	10,258
-0,150080941617489	0,247307976707816	10,25892
-0,140108827501535	0,267252204939723	10,25984
-0,075290085747838	0,227363748475909	10,26076
0,0344031695276499	0,132628664374352	10,26168
0,0942358542233706	0,00797723792493343	10,2626
0,154068538919091	-0,126646302640438	10,26352
0,154068538919091	-0,226367443799973	10,26444
0,0792776830494404	-0,266255900263786	10,26536
-0,0254295151680708	-0,236339557915926	10,26628
-0,110192485153675	-0,136618416756392	10,2672
-0,155066998675466	0,00299118086695671	10,26812
-0,175011226907372	0,137614721432328	10,26904
-0,100220371037722	0,232349805533886	10,26996
0,00947288423776627	0,25728009082377	10,27088
0,0842637401074171	0,232349805533886	10,2718
0,154068538919091	0,147586835548282	10,27272
0,159054595977068	0,0179493520408869	10,27364
0,0992219112813473	-0,126646302640438	10,27456
-0,0104713439941406	-0,231353500857949	10,27548
-0,0852621998637915	-0,266255900263786	10,2764
-0,145094884559512	-0,231353500857949	10,27732
-0,165039112791419	-0,131632359698415	10,27824
-0,0902482569217682	-0,00698093324899673	10,27916
0,00448682717978954	0,122656550258398	10,28008
0,0992219112813473	0,222377691417933	10,281
0,159054595977068	0,262266147881746	10,28192
0,188970938324928	0,242321919649839	10,28284
0,129138253629208	0,142600778490305	10,28376
0,014458941295743	0,00299118086695671	10,28468
-0,0653179716318846	-0,141604473814368	10,2856
-0,140108827501535	-0,236339557915926	10,28652
-0,165039112791419	-0,266255900263786	10,28744
-0,130136713385582	-0,236339557915926	10,28836
-0,0104713439941406	-0,151576587930322	10,28928
0,0792776830494404	-0,0319112185388803	10,2902
0,144096424803138	0,112684436142445	10,29112
0,183984881266952	0,222377691417933	10,29204
0,139110367745161	0,262266147881746	10,29296
0,0393892265856266	0,232349805533886	10,29388
-0,0553458575159311	0,132628664374352	10,2948
-0,135122770443559	0,00299118086695671	10,29572
-0,184983341023326	-0,126646302640438	10,29664
-0,155066998675466	-0,231353500857949	10,29756
-0,0453737433999777	-0,266255900263786	10,29848
0,0543473977595568	-0,241325614973903	10,2994
0,129138253629208	-0,151576587930322	10,30032
0,178998824208975	-0,0119669903069735	10,30124
0,164040653035045	0,132628664374352	10,30216
0,04936134070158	0,237335862591863	10,30308
-0,0553458575159311	0,262266147881746	10,304
-0,125150656327605	0,232349805533886	10,30492
-0,179997283965349	0,137614721432328	10,30584
-0,170025169849396	0,0129632949829102	10,30676
-0,075290085747838	-0,121660245582461	10,30768
0,04936134070158	-0,226367443799973	10,3086
0,129138253629208	-0,27622801437974	10,30952
0,193956995382905	-0,246311672031879	10,31044
0,188970938324928	-0,156562644988298	10,31136
0,0942358542233706	-0,0169530473649502	10,31228
-0,0154574010521173	0,117670493200421	10,3132
-0,105206428095698	0,217391634359956	10,31412
-0,160053055733442	0,252294033765793	10,31504
-0,170025169849396	0,237335862591863	10,31596
-0,0802761428058147	0,162545006722212	10,31688
0,0344031695276499	0,032907523214817	10,3178
0,129138253629208	-0,116674188524485	10,31872
0,193956995382905	-0,231353500857949	10,31964
0,208915166556835	-0,27622801437974	10,32056
0,124152196571231	-0,236339557915926	10,32148
-0,00049922987818718	-0,151576587930322	10,3224
-0,100220371037722	-0,0269251614809036	10,32332
-0,175011226907372	0,107698379084468	10,32424
-0,199941512197256	0,212405577301979	10,32516
-0,125150656327605	0,267252204939723	10,32608
-0,00049922987818718	0,247307976707816	10,327
0,104207968339324	0,157558949664235	10,32792
0,169026710093021	0,0179493520408869	10,32884
0,203929109498858	-0,126646302640438	10,32976
0,144096424803138	-0,226367443799973	10,33068
0,014458941295743	-0,26126984320581	10,3316
-0,0952343139797449	-0,241325614973903	10,33252
-0,175011226907372	-0,161548702046275	10,33344
-0,20991362631321	-0,0418833326548338	10,33436
-0,160053055733442	0,102712322026491	10,33528
-0,0254295151680708	0,222377691417933	10,3362
0,0792776830494404	0,267252204939723	10,33712
0,169026710093021	0,242321919649839	10,33804
0,203929109498858	0,157558949664235	10,33896
0,169026710093021	0,0279214661568403	10,33988
0,0393892265856266	-0,111688131466508	10,3408
-0,0802761428058147	-0,211409272626042	10,34172
-0,155066998675466	-0,26126984320581	10,34264
-0,219885740429163	-0,256283786147833	10,34356
-0,189969398081303	-0,176506873220205	10,34448
-0,0553458575159311	-0,0418833326548338	10,3454
0,0693055689334869	0,107698379084468	10,34632
0,149082481861115	0,217391634359956	10,34724
0,198943052440882	0,25728009082377	10,34816
0,188970938324928	0,237335862591863	10,34908
0,0593334548175335	0,157558949664235	10,35
-0,0653179716318846	0,0378935802727938	10,35092
-0,155066998675466	-0,101716017350554	10,35184
-0,204927569255233	-0,216395329684019	10,35276
-0,204927569255233	-0,27622801437974	10,35368
-0,0902482569217682	-0,256283786147833	10,3546
0,0643195118755102	-0,176506873220205	10,35552
0,149082481861115	-0,0418833326548338	10,35644
0,223873337730765	0,0977262649685144	10,35736
0,223873337730765	0,202433463186026	10,35828
0,129138253629208	0,247307976707816	10,3592
-0,0154574010521173	0,237335862591863	10,36012
-0,120164599269629	0,177503177896142	10,36104
-0,179997283965349	0,0528517514467239	10,36196
-0,214899683371186	-0,101716017350554	10,36288
-0,120164599269629	-0,221381386741996	10,3638
0,0194449983537197	-0,27622801437974	10,36472
0,129138253629208	-0,251297729089856	10,36564
0,198943052440882	-0,171520816162229	10,36656
0,223873337730765	-0,056841503828764	10,36748
0,159054595977068	0,0727959796786308	10,3684
-0,00049922987818718	0,187475292012095	10,36932
-0,115178542211652	0,247307976707816	10,37024
-0,194955455139279	0,247307976707816	10,37116
-0,22487179748714	0,172517120838165	10,37208
-0,175011226907372	0,0378935802727938	10,373
-0,0304155722260475	-0,106702074408531	10,37392
0,109194025397301	-0,216395329684019	10,37484
0,178998824208975	-0,266255900263786	10,37576
0,233845451846719	-0,26126984320581	10,37668
0,188970938324928	-0,196451101452112	10,3776
0,0543473977595568	-0,0767857320606709	10,37852
-0,0852621998637915	0,0727959796786308	10,37944
-0,179997283965349	0,192461349070072	10,38036
-0,219885740429163	0,252294033765793	10,38128
-0,194955455139279	0,237335862591863	10,3822
-0,0453737433999777	0,167531063780189	10,38312
0,0892497971653938	0,0428796373307705	10,38404
0,183984881266952	-0,0867578461766243	10,38496
0,233845451846719	-0,196451101452112	10,38588
0,213901223614812	-0,256283786147833	10,3868
0,0992219112813473	-0,26126984320581	10,38772
-0,0703040286898613	-0,196451101452112	10,38864
-0,165039112791419	-0,0618275608867407	10,38956
-0,234843911603093	0,0927402079105377	10,39048
-0,22487179748714	0,207419520244002	10,3914
-0,115178542211652	0,25728009082377	10,39232
0,0443752836436033	0,25728009082377	10,39324
0,164040653035045	0,197447406128049	10,39416
0,213901223614812	0,0827680937945843	10,39508
0,243817565962672	-0,056841503828764	10,396
0,144096424803138	-0,176506873220205	10,39692
-0,0154574010521173	-0,251297729089856	10,39784
-0,140108827501535	-0,251297729089856	10,39876
-0,219885740429163	-0,181492930278182	10,39968
-0,229857854545116	-0,0518554467707872	10,4006
-0,175011226907372	0,0827680937945843	10,40152
0,00947288423776627	0,192461349070072	10,40244
0,134124310687184	0,252294033765793	10,40336
0,218887280672789	0,262266147881746	10,40428
0,243817565962672	0,207419520244002	10,4052
0,174012767150998	0,087754150852561	10,40612
0,0194449983537197	-0,0618275608867407	10,40704
-0,135122770443559	-0,186478987336159	10,40796
-0,20991362631321	-0,246311672031879	10,40888
-0,259774196892977	-0,241325614973903	10,4098
-0,204927569255233	-0,181492930278182	10,41072
-0,0553458575159311	-0,0618275608867407	10,41164
0,104207968339324	0,0727959796786308	10,41256
0,208915166556835	0,187475292012095	10,41348
0,238831508904696	0,262266147881746	10,4144
0,223873337730765	0,2722382619977	10,41532
0,0742916259914637	0,212405577301979	10,41624
-0,0902482569217682	0,087754150852561	10,41716
-0,189969398081303	-0,0618275608867407	10,41808
-0,244816025719047	-0,171520816162229	10,419
-0,219885740429163	-0,241325614973903	10,41992
-0,100220371037722	-0,251297729089856	10,42084
0,0842637401074171	-0,206423215568066	10,42176
0,193956995382905	-0,0967299602925777	10,42268
0,253789680078626	0,0478656943887472	10,4236
0,243817565962672	0,177503177896142	10,42452
0,134124310687184	0,242321919649839	10,42544
-0,040387686342001	0,252294033765793	10,42636
-0,175011226907372	0,187475292012095	10,42728
-0,23982996866107	0,0727959796786308	10,4282
-0,259774196892977	-0,056841503828764	10,42912
-0,155066998675466	-0,176506873220205	10,43004
0,0244310554116964	-0,256283786147833	10,43096
0,159054595977068	-0,281214071437716	10,43188
0,233845451846719	-0,226367443799973	10,4328
0,248803623020649	-0,101716017350554	10,43372
0,188970938324928	0,0478656943887472	10,43464
0,00947288423776627	0,162545006722212	10,43556
-0,150080941617489	0,232349805533886	10,43648
-0,22487179748714	0,237335862591863	10,4374
-0,259774196892977	0,192461349070072	10,43832
-0,199941512197256	0,087754150852561	10,43924
-0,0503598004579544	-0,0518554467707872	10,44016
0,129138253629208	-0,181492930278182	10,44108
0,213901223614812	-0,266255900263786	10,442
0,263761794194579	-0,286200128495693	10,44292
0,228859394788742	-0,226367443799973	10,44384
0,0842637401074171	-0,106702074408531	10,44476
-0,0902482569217682	0,0229354090988636	10,44568
-0,204927569255233	0,142600778490305	10,4466
-0,23982996866107	0,222377691417933	10,44752
-0,22487179748714	0,247307976707816	10,44844
-0,0902482569217682	0,207419520244002	10,44936
0,0942358542233706	0,0977262649685144	10,45028
0,203929109498858	-0,0518554467707872	10,4512
0,258775737136602	-0,181492930278182	10,45212
0,258775737136602	-0,256283786147833	10,45304
0,159054595977068	-0,266255900263786	10,45396
-0,040387686342001	-0,226367443799973	10,45488
-0,175011226907372	-0,121660245582461	10,4558
-0,234843911603093	0,00797723792493343	10,45672
-0,249802082777023	0,132628664374352	10,45764
-0,160053055733442	0,222377691417933	10,45856
0,0294171124696732	0,247307976707816	10,45948
0,183984881266952	0,202433463186026	10,4604
0,248803623020649	0,087754150852561	10,46132
0,273733908310533	-0,0518554467707872	10,46224
0,203929109498858	-0,171520816162229	10,46316
0,0294171124696732	-0,251297729089856	10,46408
-0,145094884559512	-0,286200128495693	10,465
-0,234843911603093	-0,256283786147833	10,46592
-0,26974631100893	-0,151576587930322	10,46684
-0,22487179748714	-0,0119669903069735	10,46776
-0,0553458575159311	0,127642607316375	10,46868
0,129138253629208	0,222377691417933	10,4696
0,223873337730765	0,242321919649839	10,47052
0,253789680078626	0,202433463186026	10,47144
0,223873337730765	0,107698379084468	10,47236
0,0892497971653938	-0,0219391044229269	10,47328
-0,120164599269629	-0,146590530872345	10,4742
-0,22487179748714	-0,246311672031879	10,47512
-0,26974631100893	-0,281214071437716	10,47604
-0,259774196892977	-0,241325614973903	10,47696
-0,130136713385582	-0,131632359698415	10,47788
0,0742916259914637	0,0179493520408869	10,4788
0,213901223614812	0,142600778490305	10,47972
0,258775737136602	0,227363748475909	10,48064
0,258775737136602	0,267252204939723	10,48156
0,164040653035045	0,232349805533886	10,48248
-0,0254295151680708	0,142600778490305	10,4834
-0,189969398081303	0,00797723792493343	10,48432
-0,23982996866107	-0,121660245582461	10,48524
-0,254788139835	-0,226367443799973	10,48616
-0,179997283965349	-0,266255900263786	10,48708
0,00947288423776627	-0,226367443799973	10,488
0,183984881266952	-0,126646302640438	10,48892
0,258775737136602	0,00299118086695671	10,48984
0,268747851252556	0,132628664374352	10,49076
0,213901223614812	0,227363748475909	10,49168
0,0443752836436033	0,277224319055676	10,4926
-0,150080941617489	0,25728009082377	10,49352
-0,23982996866107	0,157558949664235	10,49444
-0,259774196892977	0,0179493520408869	10,49536
-0,219885740429163	-0,116674188524485	10,49628
-0,0802761428058147	-0,211409272626042	10,4972
0,129138253629208	-0,246311672031879	10,49812
0,228859394788742	-0,226367443799973	10,49904
0,263761794194579	-0,136618416756392	10,49996
0,243817565962672	-0,0119669903069735	10,50088
0,119166139513254	0,122656550258398	10,5018
-0,0852621998637915	0,227363748475909	10,50272
-0,229857854545116	0,282210376113653	10,50364
-0,259774196892977	0,25728009082377	10,50456
-0,259774196892977	0,162545006722212	10,50548
-0,160053055733442	0,032907523214817	10,5064
0,0443752836436033	-0,091743903234601	10,50732
0,198943052440882	-0,191465044394135	10,50824
0,248803623020649	-0,246311672031879	10,50916
0,248803623020649	-0,241325614973903	10,51008
0,178998824208975	-0,156562644988298	10,511
-0,0054852869361639	-0,0219391044229269	10,51192
-0,194955455139279	0,117670493200421	10,51284
-0,254788139835	0,222377691417933	10,51376
-0,264760253950953	0,267252204939723	10,51468
-0,199941512197256	0,252294033765793	10,5156
-0,0453737433999777	0,167531063780189	10,51652
0,164040653035045	0,0478656943887472	10,51744
0,243817565962672	-0,0867578461766243	10,51836
0,273733908310533	-0,196451101452112	10,51928
0,243817565962672	-0,26126984320581	10,5202
0,109194025397301	-0,251297729089856	10,52112
-0,0952343139797449	-0,161548702046275	10,52204
-0,219885740429163	-0,0319112185388803	10,52296
-0,234843911603093	0,102712322026491	10,52388
-0,229857854545116	0,202433463186026	10,5248
-0,110192485153675	0,262266147881746	10,52572
0,0942358542233706	0,267252204939723	10,52664
0,238831508904696	0,192461349070072	10,52756
0,268747851252556	0,0578378085047007	10,52848
0,253789680078626	-0,0817717891186476	10,5294
0,183984881266952	-0,196451101452112	10,53032
-0,0304155722260475	-0,26126984320581	10,53124
-0,204927569255233	-0,251297729089856	10,53216
-0,254788139835	-0,181492930278182	10,53308
-0,249802082777023	-0,0618275608867407	10,534
-0,189969398081303	0,0678099226206541	10,53492
-0,0204434581100941	0,182489234954119	10,53584
0,183984881266952	0,25728009082377	10,53676
0,248803623020649	0,262266147881746	10,53768
0,248803623020649	0,182489234954119	10,5386
0,208915166556835	0,0578378085047007	10,53952
0,0593334548175335	-0,0817717891186476	10,54044
-0,155066998675466	-0,191465044394135	10,54136
-0,26974631100893	-0,26126984320581	10,54228
-0,254788139835	-0,26126984320581	10,5432
-0,234843911603093	-0,206423215568066	10,54412
-0,105206428095698	-0,0867578461766243	10,54504
0,104207968339324	0,0528517514467239	10,54596
0,233845451846719	0,177503177896142	10,54688
0,253789680078626	0,252294033765793	10,5478
0,233845451846719	0,252294033765793	10,54872
0,154068538919091	0,182489234954119	10,54964
-0,0603319145739079	0,0628238655626774	10,55056
-0,22487179748714	-0,0668136179447174	10,55148
-0,254788139835	-0,181492930278182	10,5524
-0,244816025719047	-0,266255900263786	10,55332
-0,170025169849396	-0,286200128495693	10,55424
-0,00049922987818718	-0,226367443799973	10,55516
0,203929109498858	-0,101716017350554	10,55608
0,248803623020649	0,0378935802727938	10,557
0,238831508904696	0,157558949664235	10,55792
0,203929109498858	0,232349805533886	10,55884
0,04936134070158	0,237335862591863	10,55976
-0,155066998675466	0,187475292012095	10,56068
-0,249802082777023	0,087754150852561	10,5616
-0,22487179748714	-0,0468693897128105	10,56252
-0,204927569255233	-0,176506873220205	10,56344
-0,0802761428058147	-0,256283786147833	10,56436
0,134124310687184	-0,27622801437974	10,56528
0,248803623020649	-0,206423215568066	10,5662
0,248803623020649	-0,0967299602925777	10,56712
0,223873337730765	0,0279214661568403	10,56804
0,139110367745161	0,147586835548282	10,56896
-0,075290085747838	0,232349805533886	10,56988
-0,234843911603093	0,267252204939723	10,5708
-0,244816025719047	0,222377691417933	10,57172
-0,229857854545116	0,112684436142445	10,57264
-0,165039112791419	-0,0269251614809036	10,57356
0,00947288423776627	-0,161548702046275	10,57448
0,208915166556835	-0,251297729089856	10,5754
0,238831508904696	-0,266255900263786	10,57632
0,218887280672789	-0,221381386741996	10,57724
0,188970938324928	-0,121660245582461	10,57816
0,0344031695276499	0,00797723792493343	10,57908
-0,175011226907372	0,137614721432328	10,58
-0,259774196892977	0,242321919649839	10,58092
-0,219885740429163	0,2722382619977	10,58184
-0,204927569255233	0,227363748475909	10,58276
-0,0902482569217682	0,112684436142445	10,58368
0,124152196571231	-0,0169530473649502	10,5846
0,238831508904696	-0,136618416756392	10,58552
0,233845451846719	-0,221381386741996	10,58644
0,213901223614812	-0,26126984320581	10,58736
0,144096424803138	-0,231353500857949	10,58828
-0,0603319145739079	-0,136618416756392	10,5892
-0,22487179748714	0,00299118086695671	10,59012
-0,229857854545116	0,137614721432328	10,59104
-0,214899683371186	0,232349805533886	10,59196
-0,155066998675466	0,262266147881746	10,59288
0,00947288423776627	0,222377691417933	10,5938
0,213901223614812	0,132628664374352	10,59472
0,238831508904696	0,00797723792493343	10,59564
0,213901223614812	-0,116674188524485	10,59656
0,193956995382905	-0,231353500857949	10,59748
0,0593334548175335	-0,27622801437974	10,5984
-0,150080941617489	-0,241325614973903	10,59932
-0,23982996866107	-0,146590530872345	10,60024
-0,204927569255233	-0,0119669903069735	10,60116
-0,184983341023326	0,117670493200421	10,60208
-0,0902482569217682	0,217391634359956	10,603
0,124152196571231	0,25728009082377	10,60392
0,248803623020649	0,232349805533886	10,60484
0,238831508904696	0,147586835548282	10,60576
0,203929109498858	0,0229354090988636	10,60668
0,149082481861115	-0,116674188524485	10,6076
-0,0453737433999777	-0,226367443799973	10,60852
-0,22487179748714	-0,271241957321763	10,60944
-0,229857854545116	-0,241325614973903	10,61036
-0,194955455139279	-0,151576587930322	10,61128
-0,155066998675466	-0,0368972755968571	10,6122
-0,00049922987818718	0,0827680937945843	10,61312
0,198943052440882	0,192461349070072	10,61404
0,238831508904696	0,252294033765793	10,61496
0,203929109498858	0,242321919649839	10,61588
0,178998824208975	0,157558949664235	10,6168
0,0543473977595568	0,0279214661568403	10,61772
-0,150080941617489	-0,111688131466508	10,61864
-0,244816025719047	-0,216395329684019	10,61956
-0,204927569255233	-0,266255900263786	10,62048
-0,194955455139279	-0,251297729089856	10,6214
-0,110192485153675	-0,171520816162229	10,62232
0,0992219112813473	-0,056841503828764	10,62324
0,238831508904696	0,087754150852561	10,62416
0,218887280672789	0,207419520244002	10,62508
0,198943052440882	0,2722382619977	10,626
0,159054595977068	0,25728009082377	10,62692
-0,0204434581100941	0,172517120838165	10,62784
-0,199941512197256	0,0578378085047007	10,62876
-0,20991362631321	-0,0717996750026941	10,62968
-0,179997283965349	-0,181492930278182	10,6306
-0,160053055733442	-0,251297729089856	10,63152
-0,0304155722260475	-0,256283786147833	10,63244
0,178998824208975	-0,186478987336159	10,63336
0,223873337730765	-0,0668136179447174	10,63428
0,183984881266952	0,0727959796786308	10,6352
0,178998824208975	0,192461349070072	10,63612
0,0892497971653938	0,252294033765793	10,63704
-0,115178542211652	0,247307976707816	10,63796
-0,229857854545116	0,187475292012095	10,63888
-0,194955455139279	0,0827680937945843	10,6398
-0,184983341023326	-0,0518554467707872	10,64072
-0,130136713385582	-0,181492930278182	10,64164
0,0543473977595568	-0,256283786147833	10,64256
0,218887280672789	-0,266255900263786	10,64348
0,213901223614812	-0,186478987336159	10,6444
0,183984881266952	-0,0717996750026941	10,64532
0,169026710093021	0,0628238655626774	10,64624
0,014458941295743	0,177503177896142	10,64716
-0,179997283965349	0,252294033765793	10,64808
-0,214899683371186	0,267252204939723	10,649
-0,175011226907372	0,217391634359956	10,64992
-0,184983341023326	0,102712322026491	10,65084
-0,0703040286898613	-0,0518554467707872	10,65176
0,144096424803138	-0,171520816162229	10,65268
0,223873337730765	-0,246311672031879	10,6536
0,183984881266952	-0,251297729089856	10,65452
0,183984881266952	-0,191465044394135	10,65544
0,124152196571231	-0,091743903234601	10,65636
-0,075290085747838	0,0428796373307705	10,65728
-0,214899683371186	0,167531063780189	10,6582
-0,189969398081303	0,25728009082377	10,65912
-0,175011226907372	0,277224319055676	10,66004
-0,150080941617489	0,222377691417933	10,66096
0,00947288423776627	0,112684436142445	10,66188
0,203929109498858	-0,0219391044229269	10,6628
0,213901223614812	-0,146590530872345	10,66372
0,178998824208975	-0,231353500857949	10,66464
0,178998824208975	-0,256283786147833	10,66556
0,0643195118755102	-0,211409272626042	10,66648
-0,140108827501535	-0,111688131466508	10,6674
-0,214899683371186	0,0229354090988636	10,66832
-0,160053055733442	0,162545006722212	10,66924
-0,175011226907372	0,252294033765793	10,67016
-0,105206428095698	0,267252204939723	10,67108
0,0892497971653938	0,222377691417933	10,672
0,218887280672789	0,127642607316375	10,67292
0,178998824208975	-0,00698093324899673	10,67384
0,174012767150998	-0,131632359698415	10,67476
0,154068538919091	-0,231353500857949	10,67568
-0,0254295151680708	-0,266255900263786	10,6766
-0,189969398081303	-0,226367443799973	10,67752
-0,194955455139279	-0,131632359698415	10,67844
-0,165039112791419	-0,00199487619102001	10,67936
-0,175011226907372	0,137614721432328	10,68028
-0,0503598004579544	0,222377691417933	10,6812
0,159054595977068	0,262266147881746	10,68212
0,198943052440882	0,237335862591863	10,68304
0,164040653035045	0,157558949664235	10,68396
0,174012767150998	0,0279214661568403	10,68488
0,104207968339324	-0,116674188524485	10,6858
-0,0902482569217682	-0,231353500857949	10,68672
-0,199941512197256	-0,271241957321763	10,68764
-0,155066998675466	-0,241325614973903	10,68856
-0,170025169849396	-0,146590530872345	10,68948
-0,135122770443559	-0,0269251614809036	10,6904
0,0294171124696732	0,107698379084468	10,69132
0,188970938324928	0,212405577301979	10,69224
0,183984881266952	0,262266147881746	10,69316
0,164040653035045	0,247307976707816	10,69408
0,178998824208975	0,157558949664235	10,695
0,0393892265856266	0,0229354090988636	10,69592
-0,145094884559512	-0,126646302640438	10,69684
-0,204927569255233	-0,226367443799973	10,69776
-0,155066998675466	-0,271241957321763	10,69868
-0,175011226907372	-0,256283786147833	10,6996
-0,105206428095698	-0,186478987336159	10,70052
0,0942358542233706	-0,0618275608867407	10,70144
0,188970938324928	0,0777820367366076	10,70236
0,169026710093021	0,197447406128049	10,70328
0,169026710093021	0,25728009082377	10,7042
0,154068538919091	0,247307976707816	10,70512
-0,0204434581100941	0,162545006722212	10,70604
-0,179997283965349	0,0378935802727938	10,70696
-0,170025169849396	-0,101716017350554	10,70788
-0,175011226907372	-0,211409272626042	10,7088
-0,170025169849396	-0,266255900263786	10,70972
-0,0553458575159311	-0,27622801437974	10,71064
0,139110367745161	-0,211409272626042	10,71156
0,183984881266952	-0,0817717891186476	10,71248
0,149082481861115	0,0628238655626774	10,7134
0,188970938324928	0,177503177896142	10,71432
0,0992219112813473	0,237335862591863	10,71524
-0,0802761428058147	0,237335862591863	10,71616
-0,199941512197256	0,177503177896142	10,71708
-0,155066998675466	0,0727959796786308	10,718
-0,170025169849396	-0,0668136179447174	10,71892
-0,150080941617489	-0,196451101452112	10,71984
0,0244310554116964	-0,27622801437974	10,72076
0,164040653035045	-0,281214071437716	10,72168
0,178998824208975	-0,216395329684019	10,7226
0,154068538919091	-0,091743903234601	10,72352
0,183984881266952	0,0428796373307705	10,72444
0,0643195118755102	0,162545006722212	10,72536
-0,120164599269629	0,232349805533886	10,72628
-0,160053055733442	0,252294033765793	10,7272
-0,145094884559512	0,207419520244002	10,72812
-0,155066998675466	0,0927402079105377	10,72904
-0,0952343139797449	-0,056841503828764	10,72996
0,0942358542233706	-0,181492930278182	10,73088
0,188970938324928	-0,256283786147833	10,7318
0,164040653035045	-0,26126984320581	10,73272
0,178998824208975	-0,216395329684019	10,73364
0,149082481861115	-0,106702074408531	10,73456
0,00448682717978954	0,0229354090988636	10,73548
-0,155066998675466	0,152572892606258	10,7364
-0,170025169849396	0,247307976707816	10,73732
-0,160053055733442	0,2722382619977	10,73824
-0,179997283965349	0,232349805533886	10,73916
-0,0553458575159311	0,122656550258398	10,74008
0,109194025397301	-0,0169530473649502	10,741
0,169026710093021	-0,141604473814368	10,74192
0,134124310687184	-0,221381386741996	10,74284
0,169026710093021	-0,256283786147833	10,74376
0,109194025397301	-0,231353500857949	10,74468
-0,0653179716318846	-0,131632359698415	10,7456
-0,160053055733442	0,00797723792493343	10,74652
-0,165039112791419	0,147586835548282	10,74744
-0,160053055733442	0,242321919649839	10,74836
-0,165039112791419	0,2722382619977	10,74928
-0,0104713439941406	0,232349805533886	10,7502
0,134124310687184	0,142600778490305	10,75112
0,159054595977068	0,0129632949829102	10,75204
0,154068538919091	-0,116674188524485	10,75296
0,164040653035045	-0,211409272626042	10,75388
0,0792776830494404	-0,26126984320581	10,7548
-0,0952343139797449	-0,241325614973903	10,75572
-0,155066998675466	-0,136618416756392	10,75664
-0,150080941617489	-0,00199487619102001	10,75756
-0,170025169849396	0,132628664374352	10,75848
-0,115178542211652	0,222377691417933	10,7594
0,0393892265856266	0,267252204939723	10,76032
0,164040653035045	0,252294033765793	10,76124
0,159054595977068	0,172517120838165	10,76216
0,174012767150998	0,0428796373307705	10,76308
0,164040653035045	-0,0967299602925777	10,764
0,0393892265856266	-0,211409272626042	10,76492
-0,100220371037722	-0,26126984320581	10,76584
-0,155066998675466	-0,246311672031879	10,76676
-0,140108827501535	-0,166534759104252	10,76768
-0,170025169849396	-0,0368972755968571	10,7686
-0,0802761428058147	0,0927402079105377	10,76952
0,0792776830494404	0,197447406128049	10,77044
0,159054595977068	0,25728009082377	10,77136
0,159054595977068	0,25728009082377	10,77228
0,169026710093021	0,182489234954119	10,7732
0,149082481861115	0,0478656943887472	10,77412
-0,0104713439941406	-0,091743903234601	10,77504
-0,125150656327605	-0,201437158510089	10,77596
-0,150080941617489	-0,251297729089856	10,77688
-0,160053055733442	-0,246311672031879	10,7778
-0,160053055733442	-0,181492930278182	10,77872
-0,0553458575159311	-0,0668136179447174	10,77964
0,0992219112813473	0,0727959796786308	10,78056
0,154068538919091	0,192461349070072	10,78148
0,154068538919091	0,25728009082377	10,7824
0,164040653035045	0,25728009082377	10,78332
0,104207968339324	0,182489234954119	10,78424
-0,0453737433999777	0,0578378085047007	10,78516
-0,145094884559512	-0,0717996750026941	10,78608
-0,145094884559512	-0,176506873220205	10,787
-0,160053055733442	-0,26126984320581	10,78792
-0,140108827501535	-0,281214071437716	10,78884
-0,0154574010521173	-0,231353500857949	10,78976
0,109194025397301	-0,106702074408531	10,79068
0,154068538919091	0,0378935802727938	10,7916
0,159054595977068	0,162545006722212	10,79252
0,174012767150998	0,242321919649839	10,79344
0,0892497971653938	0,247307976707816	10,79436
-0,0503598004579544	0,202433463186026	10,79528
-0,125150656327605	0,0977262649685144	10,7962
-0,130136713385582	-0,0368972755968571	10,79712
-0,150080941617489	-0,166534759104252	10,79804
-0,115178542211652	-0,256283786147833	10,79896
0,0194449983537197	-0,281214071437716	10,79988
0,119166139513254	-0,216395329684019	10,8008
0,149082481861115	-0,101716017350554	10,80172
0,154068538919091	0,0279214661568403	10,80264
0,164040653035045	0,147586835548282	10,80356
0,0643195118755102	0,227363748475909	10,80448
-0,0703040286898613	0,267252204939723	10,8054
-0,135122770443559	0,227363748475909	10,80632
-0,135122770443559	0,122656550258398	10,80724
-0,155066998675466	-0,0119669903069735	10,80816
-0,105206428095698	-0,141604473814368	10,80908
0,0294171124696732	-0,241325614973903	10,81
0,119166139513254	-0,266255900263786	10,81092
0,139110367745161	-0,226367443799973	10,81184
0,144096424803138	-0,126646302640438	10,81276
0,139110367745161	-0,00199487619102001	10,81368
0,0294171124696732	0,127642607316375	10,8146
-0,0852621998637915	0,232349805533886	10,81552
-0,140108827501535	0,28719643317163	10,81644
-0,150080941617489	0,252294033765793	10,81736
-0,150080941617489	0,147586835548282	10,81828
-0,0902482569217682	0,0129632949829102	10,8192
0,0393892265856266	-0,116674188524485	10,82012
0,119166139513254	-0,206423215568066	10,82104
0,134124310687184	-0,26126984320581	10,82196
0,154068538919091	-0,241325614973903	10,82288
0,119166139513254	-0,156562644988298	10,8238
0,014458941295743	-0,0269251614809036	10,82472
-0,100220371037722	0,117670493200421	10,82564
-0,145094884559512	0,227363748475909	10,82656
-0,145094884559512	0,2722382619977	10,82748
-0,145094884559512	0,247307976707816	10,8284
-0,0603319145739079	0,162545006722212	10,82932
0,0593334548175335	0,0478656943887472	10,83024
0,134124310687184	-0,0817717891186476	10,83116
0,149082481861115	-0,201437158510089	10,83208
0,164040653035045	-0,271241957321763	10,833
0,124152196571231	-0,26126984320581	10,83392
0,00947288423776627	-0,176506873220205	10,83484
-0,0902482569217682	-0,0468693897128105	10,83576
-0,140108827501535	0,087754150852561	10,83668
-0,125150656327605	0,197447406128049	10,8376
-0,135122770443559	0,252294033765793	10,83852
-0,0453737433999777	0,247307976707816	10,83944
0,0643195118755102	0,177503177896142	10,84036
0,119166139513254	0,0628238655626774	10,84128
0,134124310687184	-0,0817717891186476	10,8422
0,139110367745161	-0,206423215568066	10,84312
0,114180082455277	-0,281214071437716	10,84404
-0,0104713439941406	-0,27622801437974	10,84496
-0,105206428095698	-0,201437158510089	10,84588
-0,140108827501535	-0,091743903234601	10,8468
-0,145094884559512	0,0378935802727938	10,84772
-0,130136713385582	0,157558949664235	10,84864
-0,0503598004579544	0,242321919649839	10,84956
0,0643195118755102	0,262266147881746	10,85048
0,119166139513254	0,202433463186026	10,8514
0,129138253629208	0,0827680937945843	10,85232
0,149082481861115	-0,056841503828764	10,85324
0,104207968339324	-0,181492930278182	10,85416
-0,0054852869361639	-0,256283786147833	10,85508
-0,110192485153675	-0,271241957321763	10,856
-0,130136713385582	-0,216395329684019	10,85692
-0,150080941617489	-0,116674188524485	10,85784
-0,130136713385582	0,0129632949829102	10,85876
-0,0354016292840242	0,147586835548282	10,85968
0,0742916259914637	0,252294033765793	10,8606
0,134124310687184	0,25728009082377	10,86152
0,134124310687184	0,202433463186026	10,86244
0,164040653035045	0,0977262649685144	10,86336
0,0892497971653938	-0,0319112185388803	10,86428
-0,0254295151680708	-0,151576587930322	10,8652
-0,110192485153675	-0,246311672031879	10,86612
-0,135122770443559	-0,281214071437716	10,86704
-0,140108827501535	-0,241325614973903	10,86796
-0,130136713385582	-0,136618416756392	10,86888
-0,0054852869361639	0,00299118086695671	10,8698
0,0892497971653938	0,137614721432328	10,87072
0,139110367745161	0,237335862591863	10,87164
0,154068538919091	0,25728009082377	10,87256
0,169026710093021	0,222377691417933	10,87348
0,0992219112813473	0,137614721432328	10,8744
-0,0354016292840242	0,00797723792493343	10,87532
-0,105206428095698	-0,131632359698415	10,87624
-0,135122770443559	-0,246311672031879	10,87716
-0,140108827501535	-0,29118618555367	10,87808
-0,115178542211652	-0,256283786147833	10,879
-0,0104713439941406	-0,161548702046275	10,87992
0,104207968339324	-0,0319112185388803	10,88084
0,124152196571231	0,0977262649685144	10,88176
0,154068538919091	0,197447406128049	10,88268
0,149082481861115	0,252294033765793	10,8836
0,0792776830494404	0,237335862591863	10,88452
-0,0453737433999777	0,157558949664235	10,88544
-0,130136713385582	0,0279214661568403	10,88636
-0,130136713385582	-0,116674188524485	10,88728
-0,160053055733442	-0,226367443799973	10,8882
-0,110192485153675	-0,27622801437974	10,88912
-0,0104713439941406	-0,251297729089856	10,89004
0,0942358542233706	-0,181492930278182	10,89096
0,124152196571231	-0,0668136179447174	10,89188
0,139110367745161	0,0727959796786308	10,8928
0,154068538919091	0,197447406128049	10,89372
0,0543473977595568	0,267252204939723	10,89464
-0,040387686342001	0,262266147881746	10,89556
-0,120164599269629	0,182489234954119	10,89648
-0,135122770443559	0,0578378085047007	10,8974
-0,150080941617489	-0,0817717891186476	10,89832
-0,105206428095698	-0,196451101452112	10,89924
0,00947288423776627	-0,266255900263786	10,90016
0,0842637401074171	-0,27622801437974	10,90108
0,134124310687184	-0,221381386741996	10,902
0,144096424803138	-0,101716017350554	10,90292
0,149082481861115	0,0528517514467239	10,90384
0,0593334548175335	0,182489234954119	10,90476
-0,0553458575159311	0,247307976707816	10,90568
-0,110192485153675	0,247307976707816	10,9066
-0,150080941617489	0,197447406128049	10,90752
-0,150080941617489	0,0927402079105377	10,90844
-0,110192485153675	-0,0418833326548338	10,90936
0,00947288423776627	-0,166534759104252	10,91028
0,0992219112813473	-0,256283786147833	10,9112
		
